 SURFACE PHOTOMETRY PROFILE COMPUTATION: 

 Object:                                                                         
 Observation     0   Start: 0  0000000                            
 Exposure:   2012s   Status: EXT             
 RA: 0 h 0 m 0   s   DEC: +0 d 0 ' 0 "      ZD: 0 d 0 ' 0   "  
 C.C.D.: (NX x NY) = 1025 x 1022         CNPIX: (dx,dy) =     0    0
  Rmaj     x0      y0      I0    alpha ellip  I(3x)  A(3x)  I(4x)  A(4x) slope
   9.0  564.69  562.98   1000.0   3.60 0.178 0.0000   0.00 0.0000   0.00 -1.45
  12.4  897.28  193.88    458.3  31.25 0.719 0.0660  41.99 0.0535  24.84 -2.00
  16.6  577.62  554.05 225831.3 156.36 1.002 0.0040 118.67 0.0179   0.02 -2.00
  21.8  564.46  563.32 275123.2  16.31 0.163 0.0008  69.38 0.0011  44.11 -0.22
  28.1  564.48  563.31 193379.9  15.68 0.156 0.0010  88.51 0.0034  38.42 -1.52
  35.8  564.48  563.32 128644.4  14.19 0.151 0.0014  75.36 0.0034  41.60 -1.80
  44.9  564.44  563.30  84929.0  13.07 0.148 0.0007  97.51 0.0045  44.49 -1.85
  55.6  564.25  563.36  59002.6  12.86 0.147 0.0039  32.49 0.0044  51.13 -1.71
  68.2  564.07  563.54  42547.8  12.83 0.146 0.0019  52.93 0.0061  54.30 -1.66
  82.8  564.25  563.77  30955.9  12.76 0.147 0.0035  63.97 0.0115  46.46 -1.77
  99.6  564.48  563.59  21730.2  11.47 0.141 0.0032 116.75 0.0098  42.00 -2.05
 118.9  564.51  563.49  14785.2  10.01 0.138 0.0052  39.15 0.0211  35.06 -2.22
 140.8  564.53  563.07  10374.7   5.60 0.141 0.0074  65.96 0.0287  44.24 -2.09
 165.6  564.77  562.38   7585.8 177.35 0.146 0.0086  18.23 0.0428  50.02 -1.86
 193.6  564.26  562.12   5864.9 170.06 0.162 0.0070  41.79 0.0551  54.26 -1.66
 225.0  562.55  564.18   4592.6 164.80 0.170 0.0170   8.75 0.0478  53.36 -1.66
 260.0  564.01  562.21   3612.8 161.35 0.167 0.0071   0.97 0.0712  60.86 -2.01
