 SURFACE PHOTOMETRY PROFILE COMPUTATION: 

 Object:                                                                         
 Observation     0   Start: 0  0000000                            
 Exposure:   2012s   Status: EXT             
 RA: 0 h 0 m 0   s   DEC: +0 d 0 ' 0 "      ZD: 0 d 0 ' 0   "  
 C.C.D.: (NX x NY) = 1025 x 1022         CNPIX: (dx,dy) =     0    0
  Rmaj     x0      y0      I0    alpha ellip  I(3x)  A(3x)  I(4x)  A(4x) slope
   9.0  564.16  567.49 871658.1  97.69 0.160 0.0168  11.21 0.0066  20.24 -0.60
  12.0  564.58  566.50 694493.1  83.89 0.076 0.0173 117.76 0.0121  32.83 -0.85
  15.8  564.76  565.59 539616.7  95.38 0.038 0.0070  70.96 0.0092  48.25 -0.99
  20.4  564.73  565.51 411554.9  95.22 0.093 0.0013  47.65 0.0061   1.28 -1.21
  25.9  564.75  565.44 294075.8  95.58 0.098 0.0017  14.44 0.0015  79.99 -1.49
  32.4  564.75  565.45 207564.9  94.27 0.094 0.0024  99.66 0.0023   7.88 -1.61
  40.1  564.79  565.50 146680.5  94.00 0.092 0.0011  77.77 0.0027   2.24 -1.64
  49.2  564.83  565.48 107138.3  93.65 0.098 0.0019  73.95 0.0014  83.28 -1.57
  59.6  564.98  565.52  79869.7  93.08 0.107 0.0020  66.09 0.0035   3.41 -1.56
  71.7  565.18  565.47  60251.0  91.91 0.113 0.0015  32.39 0.0025   2.52 -1.58
  85.4  564.96  565.52  45463.9  92.05 0.112 0.0017   5.44 0.0020   9.21 -1.65
 101.1  564.85  565.29  34415.2  91.43 0.110 0.0020 119.15 0.0036  30.65 -1.67
 118.9  564.85  565.31  26418.6  90.18 0.111 0.0012  42.19 0.0049  48.64 -1.66
 138.9  564.78  565.56  20495.3  88.87 0.113 0.0041 101.14 0.0019  40.59 -1.66
 161.3  565.11  565.83  16040.2  89.44 0.120 0.0022  71.81 0.0013  79.24 -1.66
 186.3  565.73  565.64  12686.5  89.31 0.127 0.0048  75.37 0.0022  35.10 -1.72
 214.1  567.19  565.58   9832.9  90.40 0.122 0.0112  79.18 0.0042  29.07 -1.91
 245.0  568.58  566.21   7554.9  89.37 0.120 0.0064  68.97 0.0018   6.73 -1.99
 279.0  569.16  566.10   5846.8  88.60 0.117 0.0090  67.52 0.0041  70.30 -2.39
