#   1 NUMBER                 Running object number                                     
#   2 X_IMAGE                Object position along x                                    [pixel]
#   3 Y_IMAGE                Object position along y                                    [pixel]
#   4 ALPHA_J2000            Right ascension of barycenter (J2000)                      [deg]
#   5 DELTA_J2000            Declination of barycenter (J2000)                          [deg]
#   6 MAG_AUTO               Kron-like elliptical aperture magnitude                    [mag]
#   7 MAGERR_AUTO            RMS error for AUTO magnitude                               [mag]
#   8 A_IMAGE                Profile RMS along major axis                               [pixel]
#   9 B_IMAGE                Profile RMS along minor axis                               [pixel]
#  10 THETA_IMAGE            Position angle (CCW/x)                                     [deg]
#  11 FWHM_IMAGE             FWHM assuming a gaussian core                              [pixel]
#  12 ELLIPTICITY            1 - B_IMAGE/A_IMAGE                                       
#  13 FLAGS                  Extraction flags                                          
#  14 CLASS_STAR             S/G classifier output                                     
#  15 CXX_IMAGE              Cxx object ellipse parameter                               [pixel**(-2)]
#  16 CYY_IMAGE              Cyy object ellipse parameter                               [pixel**(-2)]
#  17 CXY_IMAGE              Cxy object ellipse parameter                               [pixel**(-2)]
#  18 KRON_RADIUS            Kron apertures in units of A or B                         
#  19 MAG_APER               Fixed aperture magnitude vector                            [mag]
#  24 MAGERR_APER            RMS error vector for fixed aperture mag.                   [mag]
#  29 MAG_ISO                Isophotal magnitude                                        [mag]
#  30 MAGERR_ISO             RMS error for isophotal magnitude                          [mag]
#  31 MAG_ISOCOR             Corrected isophotal magnitude                              [mag]
#  32 MAGERR_ISOCOR          RMS error for corrected isophotal magnitude                [mag]
         1     74.461    181.902 157.5294532 -35.3296634 -16.0564   0.0052    40.394    16.960  65.9   157.14    0.580  18  0.00 2.9990172e-03 1.0903329e-03 -2.1347434e-03  4.10 -10.1787   0.0000   0.0000   0.0000   0.0000   0.0278   0.0000   0.0000   0.0000   0.0000 -15.8540   0.0023 -16.1272   0.0049
         2    361.341     55.989 157.5194627 -35.3379025 -14.7732   0.0071    13.033    11.464 -28.8    73.38    0.120  16  0.31 6.2880469e-03 7.2084907e-03 1.4545274e-03  3.50  -9.8044   0.0000   0.0000   0.0000   0.0000   0.0402   0.0000   0.0000   0.0000   0.0000 -15.2816   0.0029 -15.5079   0.0059
         3   1010.620     22.027 157.4926088 -35.3488261 -13.4908   0.0153    17.114     8.446  63.6    72.18    0.506  24  0.00 1.1925614e-02 5.5062673e-03 -8.4391674e-03  3.50  -9.3761   0.0000   0.0000   0.0000   0.0000   0.0571   0.0000   0.0000   0.0000   0.0000 -13.8747   0.0071 -14.3621   0.0133
         4    306.170     35.918 157.5221318 -35.3376801 -15.6730   0.0007     2.768     2.697  70.7     5.42    0.026   4  0.39 1.3667499e-01 1.3126482e-01 -4.3221437e-03  3.50 -14.7207   0.0000   0.0000   0.0000   0.0000   0.0004   0.0000   0.0000   0.0000   0.0000 -15.6818   0.0007 -15.6910   0.0009
         5    595.995     19.655 157.5101645 -35.3425910 -14.5437   0.0041     6.185     5.382 -24.9    14.17    0.130  16  0.00 2.7635301e-02 3.3032950e-02 6.4078574e-03  3.50 -11.8663   0.0000   0.0000   0.0000   0.0000   0.0060   0.0000   0.0000   0.0000   0.0000 -14.4659   0.0032 -14.5633   0.0056
         6    671.523      9.184 157.5071507 -35.3440623 -13.8361   0.0118    13.149     5.440  -2.3    50.77    0.586  25  0.05 5.8296802e-03 3.3748616e-02 2.2752867e-03  4.20  -9.7259   0.0000   0.0000   0.0000   0.0000   0.0428   0.0000   0.0000   0.0000   0.0000 -13.7920   0.0068 -14.1264   0.0129
         7    710.140    829.404 157.4916812 -35.3194223 -14.7441   0.0095    10.406     4.372   0.8    10.26    0.580   3  0.00 9.2430031e-03 5.2318670e-02 -1.1840113e-03  6.62 -11.6146   0.0000   0.0000   0.0000   0.0000   0.0096   0.0000   0.0000   0.0000   0.0000 -14.1132   0.0060 -14.4228   0.0128
         8     18.055   1008.974 157.5178759 -35.3033694 -14.0964   0.0075    13.576     7.508  31.5    60.61    0.447  24  0.00 8.7808874e-03 1.4384734e-02 -1.0965776e-02  3.50  -9.7897   0.0000   0.0000   0.0000   0.0000   0.0392   0.0000   0.0000   0.0000   0.0000 -14.1071   0.0055 -14.3109   0.0087
         9    750.392    859.765 157.4894692 -35.3191006 -14.4647   0.0155    15.410     3.623  57.7    44.85    0.765   2  0.00 5.5613384e-02 2.4789860e-02 -6.5047920e-02  7.82  -9.7842   0.0000   0.0000   0.0000   0.0000   0.0485   0.0000   0.0000   0.0000   0.0000 -14.3716   0.0046 -14.6203   0.0101
        10    417.856    745.836 157.5054343 -35.3175461 -14.8310   0.0026     2.937     2.627  -4.2     5.42    0.105   2  0.25 1.1608663e-01 1.4473264e-01 4.2186640e-03  4.13 -13.7710   0.0000   0.0000   0.0000   0.0000   0.0015   0.0000   0.0000   0.0000   0.0000 -14.8541   0.0024 -14.8905   0.0034
        11    609.490    718.619 157.4978006 -35.3212987 -14.3250   0.0100     3.175     2.347 -58.5    10.43    0.261   2  0.00 1.5912871e-01 1.2164146e-01 7.3280387e-02  7.99 -11.4031   0.0000   0.0000   0.0000   0.0000   0.0170   0.0000   0.0000   0.0000   0.0000 -13.8452   0.0072 -14.0361   0.0143
        12    208.287    728.715 157.5145727 -35.3148838 -15.1887   0.0013     3.096     2.688  50.9     5.46    0.132   2  0.17 1.2484471e-01 1.1790475e-01 -3.3380639e-02  3.50 -14.1699   0.0000   0.0000   0.0000   0.0000   0.0008   0.0000   0.0000   0.0000   0.0000 -15.3622   0.0016 -15.3978   0.0023
        13    860.733    726.449 157.4870574 -35.3248795 -14.8404   0.0019     2.708     2.637 -89.8     5.46    0.026   2  0.14 1.4382690e-01 1.3634214e-01 5.2256371e-05  3.78 -13.8480   0.0000   0.0000   0.0000   0.0000   0.0012   0.0000   0.0000   0.0000   0.0000 -14.8893   0.0018 -14.9150   0.0025
        14    675.690    690.970 157.4954711 -35.3231562 -14.3341   0.0061     3.127     2.673  22.8     6.69    0.145   2  0.12 1.0792071e-01 1.3431357e-01 -2.6898995e-02  4.65 -12.9179   0.0000   0.0000   0.0000   0.0000   0.0042   0.0000   0.0000   0.0000   0.0000 -14.8091   0.0045 -15.0072   0.0092
        15    956.436    684.746 157.4837185 -35.3276177 -13.4749   0.0164     6.203     3.770 -61.2    18.80    0.392   0  0.00 6.0071014e-02 3.6260404e-02 3.7418500e-02  5.44 -10.2534   0.0000   0.0000   0.0000   0.0000   0.0304   0.0000   0.0000   0.0000   0.0000 -12.9204   0.0103 -13.2809   0.0223
        16    461.553    640.422 157.5053674 -35.3214531 -15.5162   0.0033     4.755     3.472 -86.0     7.51    0.270   2  0.06 8.2742289e-02 4.4423137e-02 5.4273321e-03  4.33 -13.7925   0.0000   0.0000   0.0000   0.0000   0.0023   0.0000   0.0000   0.0000   0.0000 -15.5770   0.0024 -15.6226   0.0034
        17      3.707    613.227 157.5251600 -35.3153218 -14.1528   0.0040     5.334     2.181  84.7    11.87    0.591  24  0.03 2.0871846e-01 3.6653128e-02 -3.2322291e-02  4.68 -12.7791   0.0000   0.0000   0.0000   0.0000   0.0026   0.0000   0.0000   0.0000   0.0000 -14.0294   0.0033 -14.0754   0.0046
        18    938.520    593.323 157.4860172 -35.3301573 -14.5660   0.0050     6.027     3.190 -77.2    11.57    0.471   0  0.00 9.4814964e-02 3.1009099e-02 3.0599911e-02  4.73 -12.5153   0.0000   0.0000   0.0000   0.0000   0.0040   0.0000   0.0000   0.0000   0.0000 -14.7648   0.0031 -14.8710   0.0056
        19     95.659    602.342 157.5214611 -35.3170561 -13.5598   0.0117     6.087     3.628  16.7    28.20    0.404   0  0.00 3.1027777e-02 7.1952134e-02 -2.6963860e-02  4.56 -10.7422   0.0000   0.0000   0.0000   0.0000   0.0183   0.0000   0.0000   0.0000   0.0000 -13.4241   0.0064 -13.5923   0.0126
        20    566.436    555.341 157.5023734 -35.3256657  99.0000  99.0000     5.876     3.494  19.1    20.85    0.405   0  0.84 3.4648169e-02 7.6238796e-02 -3.2779064e-02  0.00 -14.4270   0.0000   0.0000   0.0000   0.0000   0.0065   0.0000   0.0000   0.0000   0.0000 -16.5278   0.0036 -16.5676   0.0044
        21    247.189    509.484 157.5166295 -35.3222182 -16.2338   0.0013     7.011     6.260 -46.8     8.37    0.107   0  0.03 2.3096714e-02 2.2764925e-02 5.1631178e-03  3.62 -14.0707   0.0000   0.0000   0.0000   0.0000   0.0010   0.0000   0.0000   0.0000   0.0000 -16.2139   0.0012 -16.2526   0.0017
        22    121.640    467.464 157.5226404 -35.3215996 -15.4003   0.0011     3.257     2.758  54.7     5.51    0.153   2  0.21 1.1905975e-01 1.0667074e-01 -3.5032075e-02  3.50 -14.4040   0.0000   0.0000   0.0000   0.0000   0.0006   0.0000   0.0000   0.0000   0.0000 -15.4154   0.0011 -15.4308   0.0014
        23    998.212    472.955 157.4855259 -35.3347675 -15.6363   0.0008     2.691     2.646 -48.0     5.36    0.017   4  0.21 1.4073510e-01 1.4022712e-01 4.7782264e-03  3.50 -14.7054   0.0000   0.0000   0.0000   0.0000   0.0005   0.0000   0.0000   0.0000   0.0000 -15.6417   0.0008 -15.6512   0.0010
        24    150.714    416.606 157.5222711 -35.3236063 -15.4487   0.0009     2.870     2.695 -83.8     5.43    0.061   0  0.21 1.3748324e-01 1.2160783e-01 3.5092935e-03  3.50 -14.4830   0.0000   0.0000   0.0000   0.0000   0.0006   0.0000   0.0000   0.0000   0.0000 -15.4578   0.0010 -15.4709   0.0013
        25    105.694    273.144 157.5265939 -35.3273329 -14.2787   0.0129     8.898     6.795  88.0    46.68    0.236   3  0.00 2.1646988e-02 1.2639726e-02 -6.1809598e-04  6.35  -9.4733   0.0000   0.0000   0.0000   0.0000   0.0551   0.0000   0.0000   0.0000   0.0000 -13.3803   0.0095 -14.2043   0.0180
        26    142.460    186.979 157.5264958 -35.3305425 -13.2876   0.0119     8.008     3.427  24.6     6.19    0.572   3  0.00 2.7687404e-02 7.3033303e-02 -5.2716494e-02  3.50 -11.8962   0.0000   0.0000   0.0000   0.0000   0.0059   0.0000   0.0000   0.0000   0.0000 -13.3536   0.0061 -13.4955   0.0115
        27    865.546    946.821 157.4831378 -35.3181742 -14.2676   0.0060     4.525     3.350 -57.7     8.41    0.260   2  0.00 7.7579960e-02 6.0368847e-02 3.6387980e-02  5.57 -12.0186   0.0000   0.0000   0.0000   0.0000   0.0055   0.0000   0.0000   0.0000   0.0000 -13.6994   0.0047 -13.7998   0.0083
        28    110.562    182.554 157.5279176 -35.3301930 -13.7492   0.0099     7.497     5.142  11.8    22.67    0.314   3  0.00 1.8635580e-02 3.6983047e-02 -8.0521088e-03  4.11 -11.1736   0.0000   0.0000   0.0000   0.0000   0.0113   0.0000   0.0000   0.0000   0.0000 -13.7218   0.0059 -13.9465   0.0121
        29   1014.978    218.870 157.4891037 -35.3428378 -13.8430   0.0140     7.216     5.310 -88.8    37.16    0.264  18  0.00 3.5452515e-02 1.9209990e-02 6.7447312e-04  7.21  -9.2626   0.0000   0.0000   0.0000   0.0000   0.0668   0.0000   0.0000   0.0000   0.0000 -12.7305   0.0137 -13.5199   0.0229
        30    243.173    207.965 157.5218881 -35.3314301 -14.1761   0.0043     4.379     3.818  -6.0    12.09    0.128   0  0.00 5.2338585e-02 6.8413198e-02 3.4361959e-03  3.50 -12.0676   0.0000   0.0000   0.0000   0.0000   0.0052   0.0000   0.0000   0.0000   0.0000 -14.1358   0.0033 -14.1965   0.0052
        31    980.623    190.052 157.4910412 -35.3432017 -14.5475   0.0078    11.059     3.798  56.6    10.33    0.657   3  0.00 5.0810281e-02 2.6694497e-02 -5.6196809e-02  5.91 -11.8213   0.0000   0.0000   0.0000   0.0000   0.0063   0.0000   0.0000   0.0000   0.0000 -13.8741   0.0055 -14.0964   0.0113
        32   1016.974    827.419 157.4787555 -35.3241497 -15.1456   0.0063    12.718     5.633 -25.8    50.81    0.557  26  0.00 1.0975578e-02 2.6724745e-02 1.9846641e-02  8.37  -9.8585   0.0000   0.0000   0.0000   0.0000   0.0396   0.0000   0.0000   0.0000   0.0000 -13.4685   0.0086 -13.8928   0.0163
        33    950.455    877.507 157.4807205 -35.3215975 -15.6371   0.0057    23.133     4.668 -53.4     8.50    0.798  18  0.00 3.0210629e-02 1.7549863e-02 4.2163208e-02  7.46 -11.7910   0.0000   0.0000   0.0000   0.0000   0.0067   0.0000   0.0000   0.0000   0.0000 -14.8024   0.0040 -15.1191   0.0086
        34    721.041    906.993 157.4899122 -35.3172016 -14.1097   0.0160    13.757     5.319 -17.0    51.35    0.613   2  0.00 7.8568095e-03 3.2775279e-02 1.6821602e-02  5.41  -9.7702   0.0000   0.0000   0.0000   0.0000   0.0472   0.0000   0.0000   0.0000   0.0000 -12.8885   0.0127 -13.7427   0.0235
        35    166.012    853.699 157.5142488 -35.3103965 -14.3529   0.0073     5.745     4.803   6.1    12.93    0.164   2  0.00 3.0442646e-02 4.3205295e-02 -2.7678513e-03  5.46 -11.4939   0.0000   0.0000   0.0000   0.0000   0.0089   0.0000   0.0000   0.0000   0.0000 -14.5255   0.0038 -14.6824   0.0072
