     1     1  746.27  360.09   76.0 10.547  1.144  0.381  0.027 -0.171 -0.260 -0.308 -0.330 -0.347 -0.363 -0.377
     2     1  894.11  622.35   99.0 10.255  1.246  0.384  0.019 -0.184 -0.277 -0.322 -0.340 -0.355 -0.368 -0.379
     3     1  834.45  153.80   66.4 11.119  1.483  0.470  0.040 -0.151 -0.255 -0.301 -0.315 -0.326 -0.338 -0.350
     4     1  725.67  206.65   48.2 10.974  1.527  0.477  0.001 -0.164 -0.278 -0.320 -0.339 -0.353 -0.365 -0.378
     5     1  671.20  327.16   10.3 11.593  1.120  0.379  0.021 -0.181 -0.272 -0.325 -0.352 -0.369 -0.381 -0.389
     6     1  886.21  350.46   30.6 11.042  1.472  0.453  0.004 -0.198 -0.312 -0.361 -0.384 -0.400 -0.415 -0.429
     7     1  747.65  516.71  135.3 10.712  1.498  0.469 -0.006 -0.196 -0.317 -0.369 -0.395 -0.409 -0.421 -0.433
     8     1  131.97  944.39   51.9 11.172  1.229  0.379  0.018 -0.195 -0.285 -0.332 -0.353 -0.370 -0.387 -0.399
     9     1  100.51  995.90   46.9 11.289  1.361  0.440  0.045 -0.163 -0.255 -0.309 -0.331 -0.347 -0.362 -0.374
    10     1  909.83  283.45   36.5 11.831  1.402  0.438  0.026 -0.169 -0.270 -0.310 -0.323 -0.331 -0.341 -0.349
    11     1  574.10  325.42   19.5 12.233  1.303  0.409  0.024 -0.183 -0.271 -0.307 -0.315 -0.320 -0.322 -0.321
    12     1  608.60  375.72    9.7 11.922  1.560  0.489  0.017 -0.160 -0.270 -0.308 -0.321 -0.333 -0.348 -0.366
    13     1  571.98  430.32  -55.8 11.820  1.147  0.360  0.021 -0.179 -0.267 -0.313 -0.340 -0.369 -0.395 -0.413
    14     1  406.22  458.76  -27.5 11.561  1.252  0.383 -0.003 -0.203 -0.303 -0.350 -0.370 -0.382 -0.390 -0.399
    15     1  698.05  532.55   13.8 12.242  1.267  0.390  0.013 -0.212 -0.314 -0.371 -0.396 -0.413 -0.424 -0.434
    16     1  498.16  701.58   23.0 11.908  1.362  0.408 -0.014 -0.228 -0.335 -0.388 -0.421 -0.443 -0.464 -0.473
    17     1  465.75  705.92   20.2 12.248  1.129  0.402  0.045 -0.152 -0.228 -0.262 -0.267 -0.266 -0.266 -0.266
    18     1  251.76  772.62   24.4 12.227  1.442  0.451  0.026 -0.151 -0.257 -0.299 -0.314 -0.322 -0.327 -0.335
    19     1  472.82  823.61   38.4 11.617  1.366  0.424  0.030 -0.156 -0.259 -0.300 -0.318 -0.332 -0.346 -0.360
    20     1  594.09  891.96  -14.8 11.877  0.869  0.374  0.008 -0.217 -0.318 -0.370 -0.402 -0.428 -0.449 -0.468
    21     1  820.02  324.71  -24.0 12.547  1.120  0.365  0.028 -0.172 -0.270 -0.320 -0.338 -0.350 -0.364 -0.378
    22     1  773.98  373.56  -23.2 12.861  1.251  0.382  0.016 -0.201 -0.302 -0.363 -0.394 -0.413 -0.431 -0.444
    23     1  731.08  954.52   35.1 12.635  1.307  0.414  0.037 -0.162 -0.243 -0.282 -0.293 -0.292 -0.293 -0.296
