 Coefficient( 1) =  -0.1656E+01 0.3522E-02 -0.3530E+01 0.1607E-01 -0.3347E-02 0.7044E-02
 Coefficient( 2) =   0.1281E-02 0.7691E-08  0.3847E-02 0.4307E-07  0.1611E-02 0.1674E-07
 Coefficient( 3) =   0.2598E-02 0.1949E-08  0.2983E-02 0.7326E-08 -0.2193E-03 0.2997E-08
 Coefficient( 4) =  -0.3874E-06 0.2839E-14 -0.1562E-05 0.1870E-13 -0.1880E-05 0.6057E-14
 Coefficient( 5) =  -0.5739E-06 0.1125E-14 -0.1236E-05 0.4659E-14  0.1034E-05 0.1971E-14
 Coefficient( 6) =  -0.1266E-05 0.1988E-15 -0.1153E-05 0.7120E-15 -0.2806E-06 0.2476E-15
 Coefficient( 7) =   0.1016E-09 0.1552E-21 -0.7316E-10 0.1068E-20  0.5902E-09 0.3021E-21
 Coefficient( 8) =  -0.7650E-10 0.8234E-22  0.8173E-09 0.4658E-21 -0.4664E-09 0.1375E-21
 Coefficient( 9) =   0.1807E-09 0.2765E-22 -0.2359E-09 0.1380E-21  0.1040E-09 0.4095E-22
 Coefficient(10) =   0.1930E-09 0.4703E-23  0.2085E-09 0.1527E-22  0.2986E-10 0.5241E-23
